229.1946788728365
129.23802716225876
29.627196114840736
-80.04561003420753
-183.59179019384266
-282.2813036020583
19.852941176470587
-79.92872416250891
-208.30156472261734
-305.23904952762666
-417.1798889047144
-532.7708779443254
-76.5760091611795
-72.36
-59.65777841152146
-58.92399658411614
-60.72030870373017
-46.25142857142857
263.8398622470943
256.9720430107527
249.60548885077188
253.385736744319
242.58036862408915
239.84505021520803
31.729366328136177
18.497786662858775
41.44100442288486
14.556011896331965
45.15798462852263
29.60458452722063
-83.1741935483871
-86.15252784918594
-88.09889173060529
-105.35419630156473
-104.46543580936024
-129.5859005588193
229.1946788728365
129.23802716225876
29.627196114840736
-80.04561003420753
-183.59179019384266
-282.2813036020583
19.852941176470587
-79.92872416250891
-208.30156472261734
-305.23904952762666
-417.1798889047144
-532.7708779443254
-76.5760091611795
-72.36
-59.65777841152146
-58.92399658411614
-60.72030870373017
-46.25142857142857
263.8398622470943
256.9720430107527
249.60548885077188
253.385736744319
242.58036862408915
239.84505021520803
31.729366328136177
18.497786662858775
41.44100442288486
14.556011896331965
45.15798462852263
29.60458452722063
-83.1741935483871
-86.15252784918594
-88.09889173060529
-105.35419630156473
-104.46543580936024
-129.5859005588193
229.1946788728365
129.23802716225876
29.627196114840736
-80.04561003420753
-183.59179019384266
-282.2813036020583
19.852941176470587
-79.92872416250891
-208.30156472261734
-305.23904952762666
-417.1798889047144
-532.7708779443254
-76.5760091611795
-72.36
-59.65777841152146
-58.92399658411614
-60.72030870373017
-46.25142857142857
263.8398622470943
256.9720430107527
249.60548885077188
253.385736744319
242.58036862408915
239.84505021520803
31.729366328136177
18.497786662858775
41.44100442288486
14.556011896331965
45.15798462852263
29.60458452722063
-83.1741935483871
-86.15252784918594
-88.09889173060529
-105.35419630156473
-104.46543580936024
-129.5859005588193
229.1946788728365
129.23802716225876
29.627196114840736
-80.04561003420753
-183.59179019384266
-282.2813036020583
19.852941176470587
-79.92872416250891
-208.30156472261734
-305.23904952762666
-417.1798889047144
-532.7708779443254
-76.5760091611795
-72.36
-59.65777841152146
-58.92399658411614
-60.72030870373017
-46.25142857142857
263.8398622470943
256.9720430107527
249.60548885077188
253.385736744319
242.58036862408915
239.84505021520803
31.729366328136177
18.497786662858775
41.44100442288486
14.556011896331965
45.15798462852263
29.60458452722063
-83.1741935483871
-86.15252784918594
-88.09889173060529
-105.35419630156473
-104.46543580936024
-129.5859005588193
229.1946788728365
129.23802716225876
29.627196114840736
-80.04561003420753
-183.59179019384266
-282.2813036020583
19.852941176470587
-79.92872416250891
-208.30156472261734
-305.23904952762666
-417.1798889047144
-532.7708779443254
-76.5760091611795
-72.36
-59.65777841152146
-58.92399658411614
-60.72030870373017
-46.25142857142857
263.8398622470943
256.9720430107527
249.60548885077188
253.385736744319
242.58036862408915
239.84505021520803
31.729366328136177
18.497786662858775
41.44100442288486
14.556011896331965
45.15798462852263
29.60458452722063
-83.1741935483871
-86.15252784918594
-88.09889173060529
-105.35419630156473
-104.46543580936024
-129.5859005588193
229.1946788728365
129.23802716225876
29.627196114840736
-80.04561003420753
-183.59179019384266
-282.2813036020583
19.852941176470587
-79.92872416250891
-208.30156472261734
-305.23904952762666
-417.1798889047144
-532.7708779443254
-76.5760091611795
-72.36
-59.65777841152146
-58.92399658411614
-60.72030870373017
-46.25142857142857
263.8398622470943
256.9720430107527
249.60548885077188
253.385736744319
242.58036862408915
239.84505021520803
31.729366328136177
18.497786662858775
41.44100442288486
14.556011896331965
45.15798462852263
29.60458452722063
-83.1741935483871
-86.15252784918594
-88.09889173060529
-105.35419630156473
-104.46543580936024
-129.5859005588193