-3767.4853801169593
-3779.8154620438977
-3813.2785744118055
-3838.706716729245
-3862.4104415440156
-3899.7671194898808
-3326.5686954110633
-3363.162251655629
-3378.878556557946
-3416.361631753032
-3442.962449771373
-3469.515859766277
2491.039645134461
2450.0635886093446
2411.3733075435202
2361.163787145819
2318.499310344828
2292.8964176617606
2658.6551819949987
2605.590921671741
2573.991655076495
2510.813953488372
2479.3779505692864
2434.986763271562
-772.0265780730897
-831.9230769230769
-892.2223751204073
-960.578671810416
-1026.0498614958449
-1106.5568323411326
-691.4321295143213
-761.3918806959404
-818.7112763320941
-898.1319741011158
-963.8926545856965
-1043.8635418111219
-3767.4853801169593
-3779.8154620438977
-3813.2785744118055
-3838.706716729245
-3862.4104415440156
-3899.7671194898808
-3326.5686954110633
-3363.162251655629
-3378.878556557946
-3416.361631753032
-3442.962449771373
-3469.515859766277
2491.039645134461
2450.0635886093446
2411.3733075435202
2361.163787145819
2318.499310344828
2292.8964176617606
2658.6551819949987
2605.590921671741
2573.991655076495
2510.813953488372
2479.3779505692864
2434.986763271562
-772.0265780730897
-831.9230769230769
-892.2223751204073
-960.578671810416
-1026.0498614958449
-1106.5568323411326
-691.4321295143213
-761.3918806959404
-818.7112763320941
-898.1319741011158
-963.8926545856965
-1043.8635418111219
-3767.4853801169593
-3779.8154620438977
-3813.2785744118055
-3838.706716729245
-3862.4104415440156
-3899.7671194898808
-3326.5686954110633
-3363.162251655629
-3378.878556557946
-3416.361631753032
-3442.962449771373
-3469.515859766277
2491.039645134461
2450.0635886093446
2411.3733075435202
2361.163787145819
2318.499310344828
2292.8964176617606
2658.6551819949987
2605.590921671741
2573.991655076495
2510.813953488372
2479.3779505692864
2434.986763271562
-772.0265780730897
-831.9230769230769
-892.2223751204073
-960.578671810416
-1026.0498614958449
-1106.5568323411326
-691.4321295143213
-761.3918806959404
-818.7112763320941
-898.1319741011158
-963.8926545856965
-1043.8635418111219
-3767.4853801169593
-3779.8154620438977
-3813.2785744118055
-3838.706716729245
-3862.4104415440156
-3899.7671194898808
-3326.5686954110633
-3363.162251655629
-3378.878556557946
-3416.361631753032
-3442.962449771373
-3469.515859766277
2491.039645134461
2450.0635886093446
2411.3733075435202
2361.163787145819
2318.499310344828
2292.8964176617606
2658.6551819949987
2605.590921671741
2573.991655076495
2510.813953488372
2479.3779505692864
2434.986763271562
-772.0265780730897
-831.9230769230769
-892.2223751204073
-960.578671810416
-1026.0498614958449
-1106.5568323411326
-691.4321295143213
-761.3918806959404
-818.7112763320941
-898.1319741011158
-963.8926545856965
-1043.8635418111219
-3767.4853801169593
-3779.8154620438977
-3813.2785744118055
-3838.706716729245
-3862.4104415440156
-3899.7671194898808
-3326.5686954110633
-3363.162251655629
-3378.878556557946
-3416.361631753032
-3442.962449771373
-3469.515859766277
2491.039645134461
2450.0635886093446
2411.3733075435202
2361.163787145819
2318.499310344828
2292.8964176617606
2658.6551819949987
2605.590921671741
2573.991655076495
2510.813953488372
2479.3779505692864
2434.986763271562
-772.0265780730897
-831.9230769230769
-892.2223751204073
-960.578671810416
-1026.0498614958449
-1106.5568323411326
-691.4321295143213
-761.3918806959404
-818.7112763320941
-898.1319741011158
-963.8926545856965
-1043.8635418111219
-3767.4853801169593
-3779.8154620438977
-3813.2785744118055
-3838.706716729245
-3862.4104415440156
-3899.7671194898808
-3326.5686954110633
-3363.162251655629
-3378.878556557946
-3416.361631753032
-3442.962449771373
-3469.515859766277
2491.039645134461
2450.0635886093446
2411.3733075435202
2361.163787145819
2318.499310344828
2292.8964176617606
2658.6551819949987
2605.590921671741
2573.991655076495
2510.813953488372
2479.3779505692864
2434.986763271562
-772.0265780730897
-831.9230769230769
-892.2223751204073
-960.578671810416
-1026.0498614958449
-1106.5568323411326
-691.4321295143213
-761.3918806959404
-818.7112763320941
-898.1319741011158
-963.8926545856965
-1043.8635418111219