209.2301290054099
206.33578261472343
218.37538120321597
220.63149148317407
221.06836424024357
234.12418391443256
-218.4952803997779
-223.67567567567568
-229.6323833126807
-243.22331169727937
-243.65520099461253
-244.11618257261412
-408.66427981272375
-396.0298589991706
-378.266629864753
-375.8269018743109
-373.65070578466646
-364.10412628080866
334.45659698186347
337.00345542501725
324.93484890490714
317.4282147315855
310.7527480172534
308.5797261789517
112.84663428174879
113.70467392802978
153.766054412374
142.2347598734003
164.28709990300678
163.23994452149793
-127.57281553398059
-142.63760518692234
-131.3383873190903
-152.95143212951433
-142.8811458476794
-181.8674447686536
209.2301290054099
206.33578261472343
218.37538120321597
220.63149148317407
221.06836424024357
234.12418391443256
-218.4952803997779
-223.67567567567568
-229.6323833126807
-243.22331169727937
-243.65520099461253
-244.11618257261412
-408.66427981272375
-396.0298589991706
-378.266629864753
-375.8269018743109
-373.65070578466646
-364.10412628080866
334.45659698186347
337.00345542501725
324.93484890490714
317.4282147315855
310.7527480172534
308.5797261789517
112.84663428174879
113.70467392802978
153.766054412374
142.2347598734003
164.28709990300678
163.23994452149793
-127.57281553398059
-142.63760518692234
-131.3383873190903
-152.95143212951433
-142.8811458476794
-181.8674447686536
209.2301290054099
206.33578261472343
218.37538120321597
220.63149148317407
221.06836424024357
234.12418391443256
-218.4952803997779
-223.67567567567568
-229.6323833126807
-243.22331169727937
-243.65520099461253
-244.11618257261412
-408.66427981272375
-396.0298589991706
-378.266629864753
-375.8269018743109
-373.65070578466646
-364.10412628080866
334.45659698186347
337.00345542501725
324.93484890490714
317.4282147315855
310.7527480172534
308.5797261789517
112.84663428174879
113.70467392802978
153.766054412374
142.2347598734003
164.28709990300678
163.23994452149793
-127.57281553398059
-142.63760518692234
-131.3383873190903
-152.95143212951433
-142.8811458476794
-181.8674447686536
209.2301290054099
206.33578261472343
218.37538120321597
220.63149148317407
221.06836424024357
234.12418391443256
-218.4952803997779
-223.67567567567568
-229.6323833126807
-243.22331169727937
-243.65520099461253
-244.11618257261412
-408.66427981272375
-396.0298589991706
-378.266629864753
-375.8269018743109
-373.65070578466646
-364.10412628080866
334.45659698186347
337.00345542501725
324.93484890490714
317.4282147315855
310.7527480172534
308.5797261789517
112.84663428174879
113.70467392802978
153.766054412374
142.2347598734003
164.28709990300678
163.23994452149793
-127.57281553398059
-142.63760518692234
-131.3383873190903
-152.95143212951433
-142.8811458476794
-181.8674447686536
209.2301290054099
206.33578261472343
218.37538120321597
220.63149148317407
221.06836424024357
234.12418391443256
-218.4952803997779
-223.67567567567568
-229.6323833126807
-243.22331169727937
-243.65520099461253
-244.11618257261412
-408.66427981272375
-396.0298589991706
-378.266629864753
-375.8269018743109
-373.65070578466646
-364.10412628080866
334.45659698186347
337.00345542501725
324.93484890490714
317.4282147315855
310.7527480172534
308.5797261789517
112.84663428174879
113.70467392802978
153.766054412374
142.2347598734003
164.28709990300678
163.23994452149793
-127.57281553398059
-142.63760518692234
-131.3383873190903
-152.95143212951433
-142.8811458476794
-181.8674447686536
209.2301290054099
206.33578261472343
218.37538120321597
220.63149148317407
221.06836424024357
234.12418391443256
-218.4952803997779
-223.67567567567568
-229.6323833126807
-243.22331169727937
-243.65520099461253
-244.11618257261412
-408.66427981272375
-396.0298589991706
-378.266629864753
-375.8269018743109
-373.65070578466646
-364.10412628080866
334.45659698186347
337.00345542501725
324.93484890490714
317.4282147315855
310.7527480172534
308.5797261789517
112.84663428174879
113.70467392802978
153.766054412374
142.2347598734003
164.28709990300678
163.23994452149793
-127.57281553398059
-142.63760518692234
-131.3383873190903
-152.95143212951433
-142.8811458476794
-181.8674447686536