1514.6461999251217
1515.6031567080045
1539.9245567710298
1534.3630214205186
1547.5454545454545
1580.9060022650056
1335.158371040724
1362.9850746268658
1364.4179104477612
1375.7831775700934
1400.5031918888471
1403.9910313901346
-1015.2667167543201
-993.5820895522388
-979.296933433059
-962.3370786516854
-947.0313089400227
-924.172010562052
-1093.2013447889428
-1055.812220566319
-1037.2072072072071
-1006.7914638712093
-1004.0512048192771
-957.3616376042456
321.2692452121667
335.77668059248003
365.43404735062006
387.8136739293764
399.5121951219512
453.413715146948
276.89327763007975
286.19350018677625
349.7857948139797
339.7737556561086
393.28335832083957
426.6338508140856
1514.6461999251217
1515.6031567080045
1539.9245567710298
1534.3630214205186
1547.5454545454545
1580.9060022650056
1335.158371040724
1362.9850746268658
1364.4179104477612
1375.7831775700934
1400.5031918888471
1403.9910313901346
-1015.2667167543201
-993.5820895522388
-979.296933433059
-962.3370786516854
-947.0313089400227
-924.172010562052
-1093.2013447889428
-1055.812220566319
-1037.2072072072071
-1006.7914638712093
-1004.0512048192771
-957.3616376042456
321.2692452121667
335.77668059248003
365.43404735062006
387.8136739293764
399.5121951219512
453.413715146948
276.89327763007975
286.19350018677625
349.7857948139797
339.7737556561086
393.28335832083957
426.6338508140856
1514.6461999251217
1515.6031567080045
1539.9245567710298
1534.3630214205186
1547.5454545454545
1580.9060022650056
1335.158371040724
1362.9850746268658
1364.4179104477612
1375.7831775700934
1400.5031918888471
1403.9910313901346
-1015.2667167543201
-993.5820895522388
-979.296933433059
-962.3370786516854
-947.0313089400227
-924.172010562052
-1093.2013447889428
-1055.812220566319
-1037.2072072072071
-1006.7914638712093
-1004.0512048192771
-957.3616376042456
321.2692452121667
335.77668059248003
365.43404735062006
387.8136739293764
399.5121951219512
453.413715146948
276.89327763007975
286.19350018677625
349.7857948139797
339.7737556561086
393.28335832083957
426.6338508140856
1514.6461999251217
1515.6031567080045
1539.9245567710298
1534.3630214205186
1547.5454545454545
1580.9060022650056
1335.158371040724
1362.9850746268658
1364.4179104477612
1375.7831775700934
1400.5031918888471
1403.9910313901346
-1015.2667167543201
-993.5820895522388
-979.296933433059
-962.3370786516854
-947.0313089400227
-924.172010562052
-1093.2013447889428
-1055.812220566319
-1037.2072072072071
-1006.7914638712093
-1004.0512048192771
-957.3616376042456
321.2692452121667
335.77668059248003
365.43404735062006
387.8136739293764
399.5121951219512
453.413715146948
276.89327763007975
286.19350018677625
349.7857948139797
339.7737556561086
393.28335832083957
426.6338508140856
1514.6461999251217
1515.6031567080045
1539.9245567710298
1534.3630214205186
1547.5454545454545
1580.9060022650056
1335.158371040724
1362.9850746268658
1364.4179104477612
1375.7831775700934
1400.5031918888471
1403.9910313901346
-1015.2667167543201
-993.5820895522388
-979.296933433059
-962.3370786516854
-947.0313089400227
-924.172010562052
-1093.2013447889428
-1055.812220566319
-1037.2072072072071
-1006.7914638712093
-1004.0512048192771
-957.3616376042456
321.2692452121667
335.77668059248003
365.43404735062006
387.8136739293764
399.5121951219512
453.413715146948
276.89327763007975
286.19350018677625
349.7857948139797
339.7737556561086
393.28335832083957
426.6338508140856
1514.6461999251217
1515.6031567080045
1539.9245567710298
1534.3630214205186
1547.5454545454545
1580.9060022650056
1335.158371040724
1362.9850746268658
1364.4179104477612
1375.7831775700934
1400.5031918888471
1403.9910313901346
-1015.2667167543201
-993.5820895522388
-979.296933433059
-962.3370786516854
-947.0313089400227
-924.172010562052
-1093.2013447889428
-1055.812220566319
-1037.2072072072071
-1006.7914638712093
-1004.0512048192771
-957.3616376042456
321.2692452121667
335.77668059248003
365.43404735062006
387.8136739293764
399.5121951219512
453.413715146948
276.89327763007975
286.19350018677625
349.7857948139797
339.7737556561086
393.28335832083957
426.6338508140856