128.9312022237665
125.31267293857222
132.0695844263427
122.89678135405106
134.57001102535833
126.7645429362881
839.8926654740608
835.5164835164835
834.838174273859
831.1184755592378
829.1240674219398
837.1975051975052
765.271596406358
602.6309983452841
432.84888521882743
260.1818181818182
105.92387543252595
-56.736053288925895
-427.0303367659338
-591.8689252985282
-775.9288374017377
-942.0822372975218
-1124.4410583183267
-1293.9597501734906
-120.86690747429842
-133.75601705405035
-121.34803583735355
-140.47369870559075
-118.46917666528755
-158.27242524916943
380.77821011673154
358.1010549694614
365.4394922036705
344.4481190574618
352.46147438567266
339.4059680777238
128.9312022237665
125.31267293857222
132.0695844263427
122.89678135405106
134.57001102535833
126.7645429362881
839.8926654740608
835.5164835164835
834.838174273859
831.1184755592378
829.1240674219398
837.1975051975052
765.271596406358
602.6309983452841
432.84888521882743
260.1818181818182
105.92387543252595
-56.736053288925895
-427.0303367659338
-591.8689252985282
-775.9288374017377
-942.0822372975218
-1124.4410583183267
-1293.9597501734906
-120.86690747429842
-133.75601705405035
-121.34803583735355
-140.47369870559075
-118.46917666528755
-158.27242524916943
380.77821011673154
358.1010549694614
365.4394922036705
344.4481190574618
352.46147438567266
339.4059680777238
128.9312022237665
125.31267293857222
132.0695844263427
122.89678135405106
134.57001102535833
126.7645429362881
839.8926654740608
835.5164835164835
834.838174273859
831.1184755592378
829.1240674219398
837.1975051975052
765.271596406358
602.6309983452841
432.84888521882743
260.1818181818182
105.92387543252595
-56.736053288925895
-427.0303367659338
-591.8689252985282
-775.9288374017377
-942.0822372975218
-1124.4410583183267
-1293.9597501734906
-120.86690747429842
-133.75601705405035
-121.34803583735355
-140.47369870559075
-118.46917666528755
-158.27242524916943
380.77821011673154
358.1010549694614
365.4394922036705
344.4481190574618
352.46147438567266
339.4059680777238
128.9312022237665
125.31267293857222
132.0695844263427
122.89678135405106
134.57001102535833
126.7645429362881
839.8926654740608
835.5164835164835
834.838174273859
831.1184755592378
829.1240674219398
837.1975051975052
765.271596406358
602.6309983452841
432.84888521882743
260.1818181818182
105.92387543252595
-56.736053288925895
-427.0303367659338
-591.8689252985282
-775.9288374017377
-942.0822372975218
-1124.4410583183267
-1293.9597501734906
-120.86690747429842
-133.75601705405035
-121.34803583735355
-140.47369870559075
-118.46917666528755
-158.27242524916943
380.77821011673154
358.1010549694614
365.4394922036705
344.4481190574618
352.46147438567266
339.4059680777238
128.9312022237665
125.31267293857222
132.0695844263427
122.89678135405106
134.57001102535833
126.7645429362881
839.8926654740608
835.5164835164835
834.838174273859
831.1184755592378
829.1240674219398
837.1975051975052
765.271596406358
602.6309983452841
432.84888521882743
260.1818181818182
105.92387543252595
-56.736053288925895
-427.0303367659338
-591.8689252985282
-775.9288374017377
-942.0822372975218
-1124.4410583183267
-1293.9597501734906
-120.86690747429842
-133.75601705405035
-121.34803583735355
-140.47369870559075
-118.46917666528755
-158.27242524916943
380.77821011673154
358.1010549694614
365.4394922036705
344.4481190574618
352.46147438567266
339.4059680777238
128.9312022237665
125.31267293857222
132.0695844263427
122.89678135405106
134.57001102535833
126.7645429362881
839.8926654740608
835.5164835164835
834.838174273859
831.1184755592378
829.1240674219398
837.1975051975052
765.271596406358
602.6309983452841
432.84888521882743
260.1818181818182
105.92387543252595
-56.736053288925895
-427.0303367659338
-591.8689252985282
-775.9288374017377
-942.0822372975218
-1124.4410583183267
-1293.9597501734906
-120.86690747429842
-133.75601705405035
-121.34803583735355
-140.47369870559075
-118.46917666528755
-158.27242524916943
380.77821011673154
358.1010549694614
365.4394922036705
344.4481190574618
352.46147438567266
339.4059680777238