5071.571072319202
5138.115942028986
5178.640093786636
5134.571746384872
5121.122112211221
5142.857142857143
5250.5590062111805
5242.255639097744
5245.053037608486
5222.4724484906565
5247.696629213483
5223.598875351453
-4382.902404526167
-4408.437939769209
-4453.608334506546
-4479.0
-4527.061155152888
-4578.187738921139
-4822.143382894155
-4854.228070175439
-4866.862687444869
-4901.804957696304
-4941.0873786407765
-4974.904035061206
1899.7321054834658
1824.7982187586974
1770.4117565506724
1692.6039204782428
1660.5166666666667
1597.8199052132702
1846.8319175602285
1762.7161862527716
1724.7584675180456
1651.7847732630703
1628.3418898293326
1594.5277507302824
5071.571072319202
5138.115942028986
5178.640093786636
5134.571746384872
5121.122112211221
5142.857142857143
5250.5590062111805
5242.255639097744
5245.053037608486
5222.4724484906565
5247.696629213483
5223.598875351453
-4382.902404526167
-4408.437939769209
-4453.608334506546
-4479.0
-4527.061155152888
-4578.187738921139
-4822.143382894155
-4854.228070175439
-4866.862687444869
-4901.804957696304
-4941.0873786407765
-4974.904035061206
1899.7321054834658
1824.7982187586974
1770.4117565506724
1692.6039204782428
1660.5166666666667
1597.8199052132702
1846.8319175602285
1762.7161862527716
1724.7584675180456
1651.7847732630703
1628.3418898293326
1594.5277507302824
5071.571072319202
5138.115942028986
5178.640093786636
5134.571746384872
5121.122112211221
5142.857142857143
5250.5590062111805
5242.255639097744
5245.053037608486
5222.4724484906565
5247.696629213483
5223.598875351453
-4382.902404526167
-4408.437939769209
-4453.608334506546
-4479.0
-4527.061155152888
-4578.187738921139
-4822.143382894155
-4854.228070175439
-4866.862687444869
-4901.804957696304
-4941.0873786407765
-4974.904035061206
1899.7321054834658
1824.7982187586974
1770.4117565506724
1692.6039204782428
1660.5166666666667
1597.8199052132702
1846.8319175602285
1762.7161862527716
1724.7584675180456
1651.7847732630703
1628.3418898293326
1594.5277507302824
5071.571072319202
5138.115942028986
5178.640093786636
5134.571746384872
5121.122112211221
5142.857142857143
5250.5590062111805
5242.255639097744
5245.053037608486
5222.4724484906565
5247.696629213483
5223.598875351453
-4382.902404526167
-4408.437939769209
-4453.608334506546
-4479.0
-4527.061155152888
-4578.187738921139
-4822.143382894155
-4854.228070175439
-4866.862687444869
-4901.804957696304
-4941.0873786407765
-4974.904035061206
1899.7321054834658
1824.7982187586974
1770.4117565506724
1692.6039204782428
1660.5166666666667
1597.8199052132702
1846.8319175602285
1762.7161862527716
1724.7584675180456
1651.7847732630703
1628.3418898293326
1594.5277507302824
5071.571072319202
5138.115942028986
5178.640093786636
5134.571746384872
5121.122112211221
5142.857142857143
5250.5590062111805
5242.255639097744
5245.053037608486
5222.4724484906565
5247.696629213483
5223.598875351453
-4382.902404526167
-4408.437939769209
-4453.608334506546
-4479.0
-4527.061155152888
-4578.187738921139
-4822.143382894155
-4854.228070175439
-4866.862687444869
-4901.804957696304
-4941.0873786407765
-4974.904035061206
1899.7321054834658
1824.7982187586974
1770.4117565506724
1692.6039204782428
1660.5166666666667
1597.8199052132702
1846.8319175602285
1762.7161862527716
1724.7584675180456
1651.7847732630703
1628.3418898293326
1594.5277507302824
5071.571072319202
5138.115942028986
5178.640093786636
5134.571746384872
5121.122112211221
5142.857142857143
5250.5590062111805
5242.255639097744
5245.053037608486
5222.4724484906565
5247.696629213483
5223.598875351453
-4382.902404526167
-4408.437939769209
-4453.608334506546
-4479.0
-4527.061155152888
-4578.187738921139
-4822.143382894155
-4854.228070175439
-4866.862687444869
-4901.804957696304
-4941.0873786407765
-4974.904035061206
1899.7321054834658
1824.7982187586974
1770.4117565506724
1692.6039204782428
1660.5166666666667
1597.8199052132702
1846.8319175602285
1762.7161862527716
1724.7584675180456
1651.7847732630703
1628.3418898293326
1594.5277507302824