-392.96219360199416
-387.379767827529
-377.90671848972795
-382.64057331863285
-385.44901906604036
-380.35921525283226
488.6898839137645
489.6646509070918
478.08906659313385
488.8543529088158
477.9753086419753
482.36820314656364
698.501872659176
712.5519534497091
707.2822926761734
704.5938064157756
707.9433412026108
712.5582685904551
-653.5423023578363
-652.0420005526388
-660.9972299168975
-662.910199556541
-662.6848249027238
-666.1786807681603
-273.73910637709224
-278.62629043358567
-260.750273822563
-273.1028806584362
-257.3688547102444
-276.95101816180517
290.3150912106136
281.32560066280035
288.04616652926626
285.4058531198233
299.833748960931
292.2420223787816
-392.96219360199416
-387.379767827529
-377.90671848972795
-382.64057331863285
-385.44901906604036
-380.35921525283226
488.6898839137645
489.6646509070918
478.08906659313385
488.8543529088158
477.9753086419753
482.36820314656364
698.501872659176
712.5519534497091
707.2822926761734
704.5938064157756
707.9433412026108
712.5582685904551
-653.5423023578363
-652.0420005526388
-660.9972299168975
-662.910199556541
-662.6848249027238
-666.1786807681603
-273.73910637709224
-278.62629043358567
-260.750273822563
-273.1028806584362
-257.3688547102444
-276.95101816180517
290.3150912106136
281.32560066280035
288.04616652926626
285.4058531198233
299.833748960931
292.2420223787816
-392.96219360199416
-387.379767827529
-377.90671848972795
-382.64057331863285
-385.44901906604036
-380.35921525283226
488.6898839137645
489.6646509070918
478.08906659313385
488.8543529088158
477.9753086419753
482.36820314656364
698.501872659176
712.5519534497091
707.2822926761734
704.5938064157756
707.9433412026108
712.5582685904551
-653.5423023578363
-652.0420005526388
-660.9972299168975
-662.910199556541
-662.6848249027238
-666.1786807681603
-273.73910637709224
-278.62629043358567
-260.750273822563
-273.1028806584362
-257.3688547102444
-276.95101816180517
290.3150912106136
281.32560066280035
288.04616652926626
285.4058531198233
299.833748960931
292.2420223787816
-392.96219360199416
-387.379767827529
-377.90671848972795
-382.64057331863285
-385.44901906604036
-380.35921525283226
488.6898839137645
489.6646509070918
478.08906659313385
488.8543529088158
477.9753086419753
482.36820314656364
698.501872659176
712.5519534497091
707.2822926761734
704.5938064157756
707.9433412026108
712.5582685904551
-653.5423023578363
-652.0420005526388
-660.9972299168975
-662.910199556541
-662.6848249027238
-666.1786807681603
-273.73910637709224
-278.62629043358567
-260.750273822563
-273.1028806584362
-257.3688547102444
-276.95101816180517
290.3150912106136
281.32560066280035
288.04616652926626
285.4058531198233
299.833748960931
292.2420223787816
-392.96219360199416
-387.379767827529
-377.90671848972795
-382.64057331863285
-385.44901906604036
-380.35921525283226
488.6898839137645
489.6646509070918
478.08906659313385
488.8543529088158
477.9753086419753
482.36820314656364
698.501872659176
712.5519534497091
707.2822926761734
704.5938064157756
707.9433412026108
712.5582685904551
-653.5423023578363
-652.0420005526388
-660.9972299168975
-662.910199556541
-662.6848249027238
-666.1786807681603
-273.73910637709224
-278.62629043358567
-260.750273822563
-273.1028806584362
-257.3688547102444
-276.95101816180517
290.3150912106136
281.32560066280035
288.04616652926626
285.4058531198233
299.833748960931
292.2420223787816
-392.96219360199416
-387.379767827529
-377.90671848972795
-382.64057331863285
-385.44901906604036
-380.35921525283226
488.6898839137645
489.6646509070918
478.08906659313385
488.8543529088158
477.9753086419753
482.36820314656364
698.501872659176
712.5519534497091
707.2822926761734
704.5938064157756
707.9433412026108
712.5582685904551
-653.5423023578363
-652.0420005526388
-660.9972299168975
-662.910199556541
-662.6848249027238
-666.1786807681603
-273.73910637709224
-278.62629043358567
-260.750273822563
-273.1028806584362
-257.3688547102444
-276.95101816180517
290.3150912106136
281.32560066280035
288.04616652926626
285.4058531198233
299.833748960931
292.2420223787816