-2969.0044994375703
-2945.191823018762
-2940.117384013415
-2935.415504740658
-2921.9556423490026
-2916.516273222517
-2672.175604334537
-2644.2648490749757
-2631.682346430548
-2628.7437465258477
-2621.0135041069193
-2620.9295853047593
1800.0
1807.8195488721803
1835.0990789840916
1842.5822643614056
1858.524109014675
1881.6050244242847
1989.7076023391812
2004.6985099568305
2005.4947515745278
2022.5595984943538
2030.840652446675
2058.3196550285156
-769.0451558786523
-750.744769874477
-712.3554692915569
-707.3340769659789
-671.8580375782881
-656.8478412742769
-740.5203524968528
-726.6368715083798
-678.1863560732113
-676.6444073455759
-643.9089394780677
-641.2720650042029
-2969.0044994375703
-2945.191823018762
-2940.117384013415
-2935.415504740658
-2921.9556423490026
-2916.516273222517
-2672.175604334537
-2644.2648490749757
-2631.682346430548
-2628.7437465258477
-2621.0135041069193
-2620.9295853047593
1800.0
1807.8195488721803
1835.0990789840916
1842.5822643614056
1858.524109014675
1881.6050244242847
1989.7076023391812
2004.6985099568305
2005.4947515745278
2022.5595984943538
2030.840652446675
2058.3196550285156
-769.0451558786523
-750.744769874477
-712.3554692915569
-707.3340769659789
-671.8580375782881
-656.8478412742769
-740.5203524968528
-726.6368715083798
-678.1863560732113
-676.6444073455759
-643.9089394780677
-641.2720650042029
-2969.0044994375703
-2945.191823018762
-2940.117384013415
-2935.415504740658
-2921.9556423490026
-2916.516273222517
-2672.175604334537
-2644.2648490749757
-2631.682346430548
-2628.7437465258477
-2621.0135041069193
-2620.9295853047593
1800.0
1807.8195488721803
1835.0990789840916
1842.5822643614056
1858.524109014675
1881.6050244242847
1989.7076023391812
2004.6985099568305
2005.4947515745278
2022.5595984943538
2030.840652446675
2058.3196550285156
-769.0451558786523
-750.744769874477
-712.3554692915569
-707.3340769659789
-671.8580375782881
-656.8478412742769
-740.5203524968528
-726.6368715083798
-678.1863560732113
-676.6444073455759
-643.9089394780677
-641.2720650042029
-2969.0044994375703
-2945.191823018762
-2940.117384013415
-2935.415504740658
-2921.9556423490026
-2916.516273222517
-2672.175604334537
-2644.2648490749757
-2631.682346430548
-2628.7437465258477
-2621.0135041069193
-2620.9295853047593
1800.0
1807.8195488721803
1835.0990789840916
1842.5822643614056
1858.524109014675
1881.6050244242847
1989.7076023391812
2004.6985099568305
2005.4947515745278
2022.5595984943538
2030.840652446675
2058.3196550285156
-769.0451558786523
-750.744769874477
-712.3554692915569
-707.3340769659789
-671.8580375782881
-656.8478412742769
-740.5203524968528
-726.6368715083798
-678.1863560732113
-676.6444073455759
-643.9089394780677
-641.2720650042029
-2969.0044994375703
-2945.191823018762
-2940.117384013415
-2935.415504740658
-2921.9556423490026
-2916.516273222517
-2672.175604334537
-2644.2648490749757
-2631.682346430548
-2628.7437465258477
-2621.0135041069193
-2620.9295853047593
1800.0
1807.8195488721803
1835.0990789840916
1842.5822643614056
1858.524109014675
1881.6050244242847
1989.7076023391812
2004.6985099568305
2005.4947515745278
2022.5595984943538
2030.840652446675
2058.3196550285156
-769.0451558786523
-750.744769874477
-712.3554692915569
-707.3340769659789
-671.8580375782881
-656.8478412742769
-740.5203524968528
-726.6368715083798
-678.1863560732113
-676.6444073455759
-643.9089394780677
-641.2720650042029
-2969.0044994375703
-2945.191823018762
-2940.117384013415
-2935.415504740658
-2921.9556423490026
-2916.516273222517
-2672.175604334537
-2644.2648490749757
-2631.682346430548
-2628.7437465258477
-2621.0135041069193
-2620.9295853047593
1800.0
1807.8195488721803
1835.0990789840916
1842.5822643614056
1858.524109014675
1881.6050244242847
1989.7076023391812
2004.6985099568305
2005.4947515745278
2022.5595984943538
2030.840652446675
2058.3196550285156
-769.0451558786523
-750.744769874477
-712.3554692915569
-707.3340769659789
-671.8580375782881
-656.8478412742769
-740.5203524968528
-726.6368715083798
-678.1863560732113
-676.6444073455759
-643.9089394780677
-641.2720650042029