-190.39944713199725
-187.49689697972693
-185.67556354584428
-192.72601412155615
-181.3766413268832
-190.25158971523362
-580.6796518856196
-570.7574094401756
-560.9363811622143
-545.4703208924391
-537.6548307184146
-535.0564893910168
-158.5921725902365
-143.60588154459256
-148.85191347753744
-164.43396226415095
-163.9161610590182
-159.84846397575424
451.7798368137187
468.9098736286627
476.45205857971814
494.90678083137686
501.3381454747363
524.6482586374358
688.3847750865052
427.3779983457403
193.586763298236
-61.10227584315876
-292.3330106485963
-554.0524137931035
391.7236605288661
140.85808580858085
-62.31404958677686
-316.1270718232044
-533.1371736427683
-781.1019897036316
-190.39944713199725
-187.49689697972693
-185.67556354584428
-192.72601412155615
-181.3766413268832
-190.25158971523362
-580.6796518856196
-570.7574094401756
-560.9363811622143
-545.4703208924391
-537.6548307184146
-535.0564893910168
-158.5921725902365
-143.60588154459256
-148.85191347753744
-164.43396226415095
-163.9161610590182
-159.84846397575424
451.7798368137187
468.9098736286627
476.45205857971814
494.90678083137686
501.3381454747363
524.6482586374358
688.3847750865052
427.3779983457403
193.586763298236
-61.10227584315876
-292.3330106485963
-554.0524137931035
391.7236605288661
140.85808580858085
-62.31404958677686
-316.1270718232044
-533.1371736427683
-781.1019897036316
-190.39944713199725
-187.49689697972693
-185.67556354584428
-192.72601412155615
-181.3766413268832
-190.25158971523362
-580.6796518856196
-570.7574094401756
-560.9363811622143
-545.4703208924391
-537.6548307184146
-535.0564893910168
-158.5921725902365
-143.60588154459256
-148.85191347753744
-164.43396226415095
-163.9161610590182
-159.84846397575424
451.7798368137187
468.9098736286627
476.45205857971814
494.90678083137686
501.3381454747363
524.6482586374358
688.3847750865052
427.3779983457403
193.586763298236
-61.10227584315876
-292.3330106485963
-554.0524137931035
391.7236605288661
140.85808580858085
-62.31404958677686
-316.1270718232044
-533.1371736427683
-781.1019897036316
-190.39944713199725
-187.49689697972693
-185.67556354584428
-192.72601412155615
-181.3766413268832
-190.25158971523362
-580.6796518856196
-570.7574094401756
-560.9363811622143
-545.4703208924391
-537.6548307184146
-535.0564893910168
-158.5921725902365
-143.60588154459256
-148.85191347753744
-164.43396226415095
-163.9161610590182
-159.84846397575424
451.7798368137187
468.9098736286627
476.45205857971814
494.90678083137686
501.3381454747363
524.6482586374358
688.3847750865052
427.3779983457403
193.586763298236
-61.10227584315876
-292.3330106485963
-554.0524137931035
391.7236605288661
140.85808580858085
-62.31404958677686
-316.1270718232044
-533.1371736427683
-781.1019897036316
-190.39944713199725
-187.49689697972693
-185.67556354584428
-192.72601412155615
-181.3766413268832
-190.25158971523362
-580.6796518856196
-570.7574094401756
-560.9363811622143
-545.4703208924391
-537.6548307184146
-535.0564893910168
-158.5921725902365
-143.60588154459256
-148.85191347753744
-164.43396226415095
-163.9161610590182
-159.84846397575424
451.7798368137187
468.9098736286627
476.45205857971814
494.90678083137686
501.3381454747363
524.6482586374358
688.3847750865052
427.3779983457403
193.586763298236
-61.10227584315876
-292.3330106485963
-554.0524137931035
391.7236605288661
140.85808580858085
-62.31404958677686
-316.1270718232044
-533.1371736427683
-781.1019897036316
-190.39944713199725
-187.49689697972693
-185.67556354584428
-192.72601412155615
-181.3766413268832
-190.25158971523362
-580.6796518856196
-570.7574094401756
-560.9363811622143
-545.4703208924391
-537.6548307184146
-535.0564893910168
-158.5921725902365
-143.60588154459256
-148.85191347753744
-164.43396226415095
-163.9161610590182
-159.84846397575424
451.7798368137187
468.9098736286627
476.45205857971814
494.90678083137686
501.3381454747363
524.6482586374358
688.3847750865052
427.3779983457403
193.586763298236
-61.10227584315876
-292.3330106485963
-554.0524137931035
391.7236605288661
140.85808580858085
-62.31404958677686
-316.1270718232044
-533.1371736427683
-781.1019897036316