-3602.308370044053
-3546.0280373831774
-3485.0175438596493
-3435.105140186916
-3392.0840630472853
-3354.4817518248174
-3284.2977609770282
-3217.9513888888887
-3178.7077997671713
-3117.4941995359627
-3064.1848299912817
-3028.314410480349
1900.8251016850668
1983.7379912663755
2057.5021682567217
2133.2680115273774
2224.334401398194
2322.5479930191973
2223.1981460023176
2317.1494518176573
2385.8004640371228
2474.4305998261375
2570.26558891455
2662.1071012805587
-1137.6041666666667
-1019.2402877697841
-860.569436374201
-762.5322997416021
-629.4589877835951
-533.8255813953489
-1133.8983050847457
-1033.7271937445698
-883.6300578034682
-775.8680555555555
-658.8485024716488
-544.5165026056745
-3602.308370044053
-3546.0280373831774
-3485.0175438596493
-3435.105140186916
-3392.0840630472853
-3354.4817518248174
-3284.2977609770282
-3217.9513888888887
-3178.7077997671713
-3117.4941995359627
-3064.1848299912817
-3028.314410480349
1900.8251016850668
1983.7379912663755
2057.5021682567217
2133.2680115273774
2224.334401398194
2322.5479930191973
2223.1981460023176
2317.1494518176573
2385.8004640371228
2474.4305998261375
2570.26558891455
2662.1071012805587
-1137.6041666666667
-1019.2402877697841
-860.569436374201
-762.5322997416021
-629.4589877835951
-533.8255813953489
-1133.8983050847457
-1033.7271937445698
-883.6300578034682
-775.8680555555555
-658.8485024716488
-544.5165026056745
-3602.308370044053
-3546.0280373831774
-3485.0175438596493
-3435.105140186916
-3392.0840630472853
-3354.4817518248174
-3284.2977609770282
-3217.9513888888887
-3178.7077997671713
-3117.4941995359627
-3064.1848299912817
-3028.314410480349
1900.8251016850668
1983.7379912663755
2057.5021682567217
2133.2680115273774
2224.334401398194
2322.5479930191973
2223.1981460023176
2317.1494518176573
2385.8004640371228
2474.4305998261375
2570.26558891455
2662.1071012805587
-1137.6041666666667
-1019.2402877697841
-860.569436374201
-762.5322997416021
-629.4589877835951
-533.8255813953489
-1133.8983050847457
-1033.7271937445698
-883.6300578034682
-775.8680555555555
-658.8485024716488
-544.5165026056745
-3602.308370044053
-3546.0280373831774
-3485.0175438596493
-3435.105140186916
-3392.0840630472853
-3354.4817518248174
-3284.2977609770282
-3217.9513888888887
-3178.7077997671713
-3117.4941995359627
-3064.1848299912817
-3028.314410480349
1900.8251016850668
1983.7379912663755
2057.5021682567217
2133.2680115273774
2224.334401398194
2322.5479930191973
2223.1981460023176
2317.1494518176573
2385.8004640371228
2474.4305998261375
2570.26558891455
2662.1071012805587
-1137.6041666666667
-1019.2402877697841
-860.569436374201
-762.5322997416021
-629.4589877835951
-533.8255813953489
-1133.8983050847457
-1033.7271937445698
-883.6300578034682
-775.8680555555555
-658.8485024716488
-544.5165026056745
-3602.308370044053
-3546.0280373831774
-3485.0175438596493
-3435.105140186916
-3392.0840630472853
-3354.4817518248174
-3284.2977609770282
-3217.9513888888887
-3178.7077997671713
-3117.4941995359627
-3064.1848299912817
-3028.314410480349
1900.8251016850668
1983.7379912663755
2057.5021682567217
2133.2680115273774
2224.334401398194
2322.5479930191973
2223.1981460023176
2317.1494518176573
2385.8004640371228
2474.4305998261375
2570.26558891455
2662.1071012805587
-1137.6041666666667
-1019.2402877697841
-860.569436374201
-762.5322997416021
-629.4589877835951
-533.8255813953489
-1133.8983050847457
-1033.7271937445698
-883.6300578034682
-775.8680555555555
-658.8485024716488
-544.5165026056745
-3602.308370044053
-3546.0280373831774
-3485.0175438596493
-3435.105140186916
-3392.0840630472853
-3354.4817518248174
-3284.2977609770282
-3217.9513888888887
-3178.7077997671713
-3117.4941995359627
-3064.1848299912817
-3028.314410480349
1900.8251016850668
1983.7379912663755
2057.5021682567217
2133.2680115273774
2224.334401398194
2322.5479930191973
2223.1981460023176
2317.1494518176573
2385.8004640371228
2474.4305998261375
2570.26558891455
2662.1071012805587
-1137.6041666666667
-1019.2402877697841
-860.569436374201
-762.5322997416021
-629.4589877835951
-533.8255813953489
-1133.8983050847457
-1033.7271937445698
-883.6300578034682
-775.8680555555555
-658.8485024716488
-544.5165026056745