194.56714761376247
191.9106699751861
192.5303867403315
181.00854229815377
180.5798702195223
176.0636678200692
-251.1135611907387
-240.23943855786433
-223.7457091857751
-225.92920353982302
-222.01736254650683
-209.78453038674033
-310.9558721814912
-328.7527716186253
-329.73509933774835
-338.4351672656898
-346.2420382165605
-349.13907284768214
279.95841995841994
300.5803509741606
306.0555785980921
326.13779851770516
334.22874549986153
340.94510076441975
161.75933609958506
148.19377162629758
139.752984767394
120.4124278251306
123.59355638166048
107.32300884955752
-174.8388881205919
-177.6
-142.2838229209764
-134.18694690265488
-106.98544698544698
-108.98196948682386
194.56714761376247
191.9106699751861
192.5303867403315
181.00854229815377
180.5798702195223
176.0636678200692
-251.1135611907387
-240.23943855786433
-223.7457091857751
-225.92920353982302
-222.01736254650683
-209.78453038674033
-310.9558721814912
-328.7527716186253
-329.73509933774835
-338.4351672656898
-346.2420382165605
-349.13907284768214
279.95841995841994
300.5803509741606
306.0555785980921
326.13779851770516
334.22874549986153
340.94510076441975
161.75933609958506
148.19377162629758
139.752984767394
120.4124278251306
123.59355638166048
107.32300884955752
-174.8388881205919
-177.6
-142.2838229209764
-134.18694690265488
-106.98544698544698
-108.98196948682386
194.56714761376247
191.9106699751861
192.5303867403315
181.00854229815377
180.5798702195223
176.0636678200692
-251.1135611907387
-240.23943855786433
-223.7457091857751
-225.92920353982302
-222.01736254650683
-209.78453038674033
-310.9558721814912
-328.7527716186253
-329.73509933774835
-338.4351672656898
-346.2420382165605
-349.13907284768214
279.95841995841994
300.5803509741606
306.0555785980921
326.13779851770516
334.22874549986153
340.94510076441975
161.75933609958506
148.19377162629758
139.752984767394
120.4124278251306
123.59355638166048
107.32300884955752
-174.8388881205919
-177.6
-142.2838229209764
-134.18694690265488
-106.98544698544698
-108.98196948682386
194.56714761376247
191.9106699751861
192.5303867403315
181.00854229815377
180.5798702195223
176.0636678200692
-251.1135611907387
-240.23943855786433
-223.7457091857751
-225.92920353982302
-222.01736254650683
-209.78453038674033
-310.9558721814912
-328.7527716186253
-329.73509933774835
-338.4351672656898
-346.2420382165605
-349.13907284768214
279.95841995841994
300.5803509741606
306.0555785980921
326.13779851770516
334.22874549986153
340.94510076441975
161.75933609958506
148.19377162629758
139.752984767394
120.4124278251306
123.59355638166048
107.32300884955752
-174.8388881205919
-177.6
-142.2838229209764
-134.18694690265488
-106.98544698544698
-108.98196948682386
194.56714761376247
191.9106699751861
192.5303867403315
181.00854229815377
180.5798702195223
176.0636678200692
-251.1135611907387
-240.23943855786433
-223.7457091857751
-225.92920353982302
-222.01736254650683
-209.78453038674033
-310.9558721814912
-328.7527716186253
-329.73509933774835
-338.4351672656898
-346.2420382165605
-349.13907284768214
279.95841995841994
300.5803509741606
306.0555785980921
326.13779851770516
334.22874549986153
340.94510076441975
161.75933609958506
148.19377162629758
139.752984767394
120.4124278251306
123.59355638166048
107.32300884955752
-174.8388881205919
-177.6
-142.2838229209764
-134.18694690265488
-106.98544698544698
-108.98196948682386
194.56714761376247
191.9106699751861
192.5303867403315
181.00854229815377
180.5798702195223
176.0636678200692
-251.1135611907387
-240.23943855786433
-223.7457091857751
-225.92920353982302
-222.01736254650683
-209.78453038674033
-310.9558721814912
-328.7527716186253
-329.73509933774835
-338.4351672656898
-346.2420382165605
-349.13907284768214
279.95841995841994
300.5803509741606
306.0555785980921
326.13779851770516
334.22874549986153
340.94510076441975
161.75933609958506
148.19377162629758
139.752984767394
120.4124278251306
123.59355638166048
107.32300884955752
-174.8388881205919
-177.6
-142.2838229209764
-134.18694690265488
-106.98544698544698
-108.98196948682386