1468.2851153039833
1436.6355920411854
1418.0706860706862
1389.9136249651713
1375.045871559633
1358.2078249894826
1326.153202176643
1308.0200780814278
1294.142538975501
1265.9372822299651
1247.450215847375
1242.4430871737923
-780.0501462599248
-809.071129707113
-841.6536748329621
-877.7438177271464
-911.5708918881313
-945.0377833753149
-920.1976889878881
-950.0013968431346
-983.0511783572723
-1010.2071668533034
-1043.9330543933054
-1082.2744439781789
472.4435775982168
408.10855949895614
380.5340008343763
292.02220680083275
278.04674457429047
195.18713612420294
466.885977139671
408.40385421030584
367.4801504387798
313.53871773522064
284.5478538685929
225.89168870945286
1468.2851153039833
1436.6355920411854
1418.0706860706862
1389.9136249651713
1375.045871559633
1358.2078249894826
1326.153202176643
1308.0200780814278
1294.142538975501
1265.9372822299651
1247.450215847375
1242.4430871737923
-780.0501462599248
-809.071129707113
-841.6536748329621
-877.7438177271464
-911.5708918881313
-945.0377833753149
-920.1976889878881
-950.0013968431346
-983.0511783572723
-1010.2071668533034
-1043.9330543933054
-1082.2744439781789
472.4435775982168
408.10855949895614
380.5340008343763
292.02220680083275
278.04674457429047
195.18713612420294
466.885977139671
408.40385421030584
367.4801504387798
313.53871773522064
284.5478538685929
225.89168870945286
1468.2851153039833
1436.6355920411854
1418.0706860706862
1389.9136249651713
1375.045871559633
1358.2078249894826
1326.153202176643
1308.0200780814278
1294.142538975501
1265.9372822299651
1247.450215847375
1242.4430871737923
-780.0501462599248
-809.071129707113
-841.6536748329621
-877.7438177271464
-911.5708918881313
-945.0377833753149
-920.1976889878881
-950.0013968431346
-983.0511783572723
-1010.2071668533034
-1043.9330543933054
-1082.2744439781789
472.4435775982168
408.10855949895614
380.5340008343763
292.02220680083275
278.04674457429047
195.18713612420294
466.885977139671
408.40385421030584
367.4801504387798
313.53871773522064
284.5478538685929
225.89168870945286
1468.2851153039833
1436.6355920411854
1418.0706860706862
1389.9136249651713
1375.045871559633
1358.2078249894826
1326.153202176643
1308.0200780814278
1294.142538975501
1265.9372822299651
1247.450215847375
1242.4430871737923
-780.0501462599248
-809.071129707113
-841.6536748329621
-877.7438177271464
-911.5708918881313
-945.0377833753149
-920.1976889878881
-950.0013968431346
-983.0511783572723
-1010.2071668533034
-1043.9330543933054
-1082.2744439781789
472.4435775982168
408.10855949895614
380.5340008343763
292.02220680083275
278.04674457429047
195.18713612420294
466.885977139671
408.40385421030584
367.4801504387798
313.53871773522064
284.5478538685929
225.89168870945286
1468.2851153039833
1436.6355920411854
1418.0706860706862
1389.9136249651713
1375.045871559633
1358.2078249894826
1326.153202176643
1308.0200780814278
1294.142538975501
1265.9372822299651
1247.450215847375
1242.4430871737923
-780.0501462599248
-809.071129707113
-841.6536748329621
-877.7438177271464
-911.5708918881313
-945.0377833753149
-920.1976889878881
-950.0013968431346
-983.0511783572723
-1010.2071668533034
-1043.9330543933054
-1082.2744439781789
472.4435775982168
408.10855949895614
380.5340008343763
292.02220680083275
278.04674457429047
195.18713612420294
466.885977139671
408.40385421030584
367.4801504387798
313.53871773522064
284.5478538685929
225.89168870945286
1468.2851153039833
1436.6355920411854
1418.0706860706862
1389.9136249651713
1375.045871559633
1358.2078249894826
1326.153202176643
1308.0200780814278
1294.142538975501
1265.9372822299651
1247.450215847375
1242.4430871737923
-780.0501462599248
-809.071129707113
-841.6536748329621
-877.7438177271464
-911.5708918881313
-945.0377833753149
-920.1976889878881
-950.0013968431346
-983.0511783572723
-1010.2071668533034
-1043.9330543933054
-1082.2744439781789
472.4435775982168
408.10855949895614
380.5340008343763
292.02220680083275
278.04674457429047
195.18713612420294
466.885977139671
408.40385421030584
367.4801504387798
313.53871773522064
284.5478538685929
225.89168870945286