181.91829484902308
310.81632653061223
161.3290113452188
17.553719008264462
-243.94736842105263
-122.32044198895028
311.06382978723406
189.54314720812184
38.57142857142857
-28.88888888888889
-64.97409326424871
-49.4054054054054
399.4463667820069
542.9032258064516
65.33333333333333
127.94952681388013
-247.43961352657004
-51.74603174603175
267.14038128249564
152.2778675282714
-51.73047473200612
-3.0985915492957745
-201.70854271356785
-289.7690941385435
489.96466431095405
550.2746365105008
94.39252336448598
-17.15610510046368
-209.89169675090253
-393.6930860033727
596.9948186528497
482.6955074875208
67.89473684210526
47.68729641693811
-197.47954173486087
-328.8256227758007
181.91829484902308
310.81632653061223
161.3290113452188
17.553719008264462
-243.94736842105263
-122.32044198895028
311.06382978723406
189.54314720812184
38.57142857142857
-28.88888888888889
-64.97409326424871
-49.4054054054054
399.4463667820069
542.9032258064516
65.33333333333333
127.94952681388013
-247.43961352657004
-51.74603174603175
267.14038128249564
152.2778675282714
-51.73047473200612
-3.0985915492957745
-201.70854271356785
-289.7690941385435
489.96466431095405
550.2746365105008
94.39252336448598
-17.15610510046368
-209.89169675090253
-393.6930860033727
596.9948186528497
482.6955074875208
67.89473684210526
47.68729641693811
-197.47954173486087
-328.8256227758007
181.91829484902308
310.81632653061223
161.3290113452188
17.553719008264462
-243.94736842105263
-122.32044198895028
311.06382978723406
189.54314720812184
38.57142857142857
-28.88888888888889
-64.97409326424871
-49.4054054054054
399.4463667820069
542.9032258064516
65.33333333333333
127.94952681388013
-247.43961352657004
-51.74603174603175
267.14038128249564
152.2778675282714
-51.73047473200612
-3.0985915492957745
-201.70854271356785
-289.7690941385435
489.96466431095405
550.2746365105008
94.39252336448598
-17.15610510046368
-209.89169675090253
-393.6930860033727
596.9948186528497
482.6955074875208
67.89473684210526
47.68729641693811
-197.47954173486087
-328.8256227758007
181.91829484902308
310.81632653061223
161.3290113452188
17.553719008264462
-243.94736842105263
-122.32044198895028
311.06382978723406
189.54314720812184
38.57142857142857
-28.88888888888889
-64.97409326424871
-49.4054054054054
399.4463667820069
542.9032258064516
65.33333333333333
127.94952681388013
-247.43961352657004
-51.74603174603175
267.14038128249564
152.2778675282714
-51.73047473200612
-3.0985915492957745
-201.70854271356785
-289.7690941385435
489.96466431095405
550.2746365105008
94.39252336448598
-17.15610510046368
-209.89169675090253
-393.6930860033727
596.9948186528497
482.6955074875208
67.89473684210526
47.68729641693811
-197.47954173486087
-328.8256227758007
181.91829484902308
310.81632653061223
161.3290113452188
17.553719008264462
-243.94736842105263
-122.32044198895028
311.06382978723406
189.54314720812184
38.57142857142857
-28.88888888888889
-64.97409326424871
-49.4054054054054
399.4463667820069
542.9032258064516
65.33333333333333
127.94952681388013
-247.43961352657004
-51.74603174603175
267.14038128249564
152.2778675282714
-51.73047473200612
-3.0985915492957745
-201.70854271356785
-289.7690941385435
489.96466431095405
550.2746365105008
94.39252336448598
-17.15610510046368
-209.89169675090253
-393.6930860033727
596.9948186528497
482.6955074875208
67.89473684210526
47.68729641693811
-197.47954173486087
-328.8256227758007
181.91829484902308
310.81632653061223
161.3290113452188
17.553719008264462
-243.94736842105263
-122.32044198895028
311.06382978723406
189.54314720812184
38.57142857142857
-28.88888888888889
-64.97409326424871
-49.4054054054054
399.4463667820069
542.9032258064516
65.33333333333333
127.94952681388013
-247.43961352657004
-51.74603174603175
267.14038128249564
152.2778675282714
-51.73047473200612
-3.0985915492957745
-201.70854271356785
-289.7690941385435
489.96466431095405
550.2746365105008
94.39252336448598
-17.15610510046368
-209.89169675090253
-393.6930860033727
596.9948186528497
482.6955074875208
67.89473684210526
47.68729641693811
-197.47954173486087
-328.8256227758007