1731.9129342821263
1648.331950207469
1548.5020920502093
1512.356634575136
1373.9579034255055
1282.1025195482189
1622.3499361430395
1539.592356687898
1448.4284460052677
1255.514950166113
1190.566356720203
1100.6408544726303
-416.1867398979992
-556.5804708606715
-726.1479198767335
-822.3393612928049
-1037.262180974478
-1216.9425742574258
-635.3257328990228
-742.8250401284109
-974.3473053892216
-967.9344786256493
-1220.8810572687225
-1365.4456654456656
801.2731668009669
791.4134141720349
380.53811659192826
285.7057505601195
-36.03202846975089
-112.869429241595
798.531889290012
714.239431054919
404.62025316455697
265.54313099041536
-35.65563969709047
-80.30167142274766
2814.8086522462563
2971.368078175896
2618.5401459854015
2133.4030571198714
1956.8
1826.964705882353
1694.6666666666667
1480.6388206388206
1384.5222072678332
1258.5035074045206
1041.8615751789976
1023.8186157517899
-502.59946949602124
-582.2222222222222
-816.171875
-1018.9487870619946
-1197.7836411609499
-1351.9755600814665
-504.8459958932238
-585.0204638472032
-859.1886409736309
-850.1563562202583
-1079.7186872069658
-1168.8796680497926
882.730627306273
756.9686098654709
446.5374449339207
215.1115075825156
-96.55992680695334
-252.3105360443623
855.7647058823529
1221.8028169014085
735.2985781990521
357.0342205323194
495.8390578999019
236.353591160221
2309.648711943794
2257.889872930304
2182.613981762918
2057.692599620493
1960.1472297559085
1883.5408852213054
2097.5886524822695
2012.1732283464567
1899.9691238903897
1801.514563106796
1670.3663289166018
1617.4566473988439
-813.9267015706806
-975.8059701492538
-1164.756320996702
-1324.2058165548099
-1522.8699551569507
-1602.153110047847
-1038.0290791599355
-1211.2009512485138
-1362.11583011583
-1454.8015564202335
-1685.3099415204679
-1765.974025974026
1001.3943355119826
871.7241379310345
459.6551724137931
446.91868758915837
81.45077720207254
-49.78260869565217
1010.7169811320755
824.5327102803739
546.0637129256683
414.3275925247343
200.17260787992495
-37.916041979010494
1843.8542070569988
1813.6761320030698
1770.2398172820708
1648.1228668941978
1551.2471655328798
1466.0229885057472
1662.8468033775632
1603.9867384997929
1539.0743801652893
1425.1837218490716
1280.4295197188599
1273.4764277500958
-709.1885714285714
-766.6113833396155
-890.6005221932115
-1113.6684171042762
-1217.583081570997
-1317.2841384556866
-742.8787276341948
-886.4853378665533
-1073.0428015564203
-1118.6738627602158
-1298.203125
-1435.132568262762
825.4054054054054
767.5115044247788
396.2272089761571
370.1171458998935
42.7111426543648
-35.392405063291136
788.1123014407093
689.9555555555555
408.453911127433
346.7498165810712
66.83035714285714
-29.46188340807175
293.8235294117647
199.13661757237176
174.9735194992778
60.465341735336885
-58.44305622296972
-131.64092664092664
308.0314960629921
253.9147670961348
166.70537010159651
53.2377656945131
-58.24987846378221
-101.70839469808541
315.0702905342081
206.18874773139746
-15.22633744855967
-111.74011812812358
-204.4526218951242
-359.60893854748605
228.77159309021113
165.10864316755192
-98.78048780487805
-166.32124352331607
-358.8915206063477
-518.6845895343255
490.3747178329571
329.5558546433378
51.5920177383592
26.302816901408452
-345.77319587628864
-430.4347826086956
486.14525139664806
415.7240749200548
87.35413839891451
28.42393787117405
-252.07792207792207
-355.42496357455076
675.1678736010533
620.1302931596091
546.5426555484285
468.825438027255
337.01375245579567
230.05940594059405
634.2148760330579
541.7334208798425
507.9088471849866
406.57997399219767
358.46758349705306
219.557003257329
54.351237175618586
7.629850746268657
-156.18483412322274
-373.5642982971227
-460.89622641509436
-493.3168927250308
-80.98319850653391
-122.68876611418048
-303.3173076923077
-311.2889431887599
-583.480422622747
-639.631277813096
560.8474576271186
508.43950905902983
94.65427077280651
76.2442396313364
-198.25014679976513
-237.48803827751198
617.101096224117
385.63141993957703
170.25089605734766
137.4820143884892
-178.52034525277435
-208.69565217391303